259
76
74
3
13
8
87
74
9
4
18
87
74
9
1
14
87
56
9
5
8
87
56
9
5
14
87
53
9
11
17
87
53
9
5
17
87
52
9
6
18
87
52
9
4
14
87
50
9
0
7
87
46
9
14
19
87
45
9
2
16
87
45
9
5
16
87
44
9
0
12
87
43
9
8
14
87
43
9
1
15
87
42
9
5
15
87
42
9
8
15
87
42
9
7
15
87
41
9
6
12
87
41
9
3
18
87
41
9
5
13
87
40
9
2
12
87
40
9
5
19
87
40
9
4
13
87
39
9
12
13
87
39
9
2
14
87
39
12
15
17
87
39
9
7
16
87
39
9
0
18
87
39
9
2
15
87
39
9
6
15
87
39
9
12
17
87
38
9
8
19
87
38
9
1
19
87
36
9
3
15
87
36
9
4
12
87
35
9
3
14
87
35
9
7
13
87
34
9
0
15
87
34
9
2
17
87
34
9
6
19
87
34
9
4
11
87
34
9
3
16
87
34
9
11
14
87
34
9
11
16
87
34
9
7
18
87
33
9
3
11
87
33
9
0
13
87
33
9
4
16
87
33
9
2
18
87
33
9
2
13
87
32
9
1
16
87
32
9
4
15
87
32
9
3
19
87
32
9
1
17
87
32
9
7
19
87
31
9
6
16
87
31
21
14
9
87
31
9
13
17
87
31
9
3
17
87
30
9
1
13
87
30
9
4
9
87
30
9
9
11
87
30
9
8
1
87
30
9
0
17
87
30
9
5
12
87
29
9
10
12
87
29
9
3
13
87
29
9
0
16
87
29
9
2
11
87
29
9
2
10
87
29
9
2
19
87
28
9
1
18
87
28
9
14
11
87
28
9
8
18
87
28
9
3
10
87
28
9
5
11
87
28
9
7
3
87
27
9
0
11
87
27
9
5
10
87
27
9
6
17
87
27
9
9
17
87
27
9
4
6
87
27
9
11
19
87
27
9
3
12
87
27
9
6
14
87
26
9
4
10
87
26
9
9
16
87
26
9
6
13
87
26
9
0
14
87
26
9
1
6
87
25
9
2
8
87
25
9
4
19
87
25
9
4
17
87
25
9
3
9
87
25
9
8
16
87
25
9
0
19
87
25
9
8
17
87
24
9
9
19
87
24
9
10
16
87
24
9
5
18
87
24
9
10
19
87
24
9
8
13
87
24
9
3
7
87
24
9
7
12
87
23
9
1
10
87
23
9
7
17
87
23
9
9
15
87
23
9
12
8
87
23
9
7
10
87
22
9
15
18
87
22
9
16
19
87
22
9
10
18
87
22
9
4
7
87
21
9
10
15
87
21
9
2
9
87
21
9
7
14
87
21
9
9
12
87
21
9
11
15
87
21
9
8
7
87
20
9
9
18
87
20
9
17
18
87
20
9
7
11
87
20
9
14
13
87
20
9
2
7
87
20
9
0
10
87
19
9
5
7
87
19
9
10
8
87
19
9
11
13
87
19
9
9
3
87
19
9
10
17
87
19
9
10
13
87
19
9
1
12
87
18
9
16
15
87
18
9
4
8
87
18
9
9
13
87
17
9
17
12
87
17
9
13
13
87
17
9
4
3
87
17
9
11
12
87
17
9
8
6
87
17
9
12
16
87
17
9
5
6
87
17
9
3
8
87
17
9
13
14
87
16
9
12
18
87
16
9
6
6
87
16
9
6
10
87
15
9
11
18
87
15
9
12
14
87
15
9
12
19
87
15
9
8
9
87
15
9
1
8
87
15
9
13
19
87
14
9
6
9
87
14
9
1
11
87
14
9
13
18
87
14
9
16
16
87
14
9
18
17
87
14
9
14
15
87
14
9
6
11
87
14
9
12
15
87
14
9
0
8
87
14
9
10
10
87
13
9
15
19
87
13
9
2
6
87
13
9
1
7
87
13
9
8
11
87
13
9
0
9
87
12
9
3
4
87
12
9
18
15
87
12
9
1
2
87
12
9
0
6
87
12
9
9
14
87
12
9
5
5
87
12
9
1
9
87
11
9
19
19
87
11
9
12
12
87
11
9
11
10
87
11
9
15
14
87
11
9
8
12
87
11
9
6
7
87
11
9
17
16
87
11
9
6
3
87
10
9
12
10
87
10
9
7
7
87
10
9
15
16
87
10
9
12
9
87
10
9
3
6
87
10
9
14
16
87
10
9
5
9
87
10
9
17
19
87
9
9
14
17
87
9
9
13
15
87
9
9
17
17
87
9
9
2
4
87
8
9
7
4
87
8
9
18
16
87
8
9
5
1
87
8
9
14
12
87
8
9
1
4
87
8
9
14
18
87
8
9
11
9
87
7
9
0
4
87
7
9
12
11
87
7
9
16
18
87
7
9
3
3
87
7
9
16
14
87
7
9
10
14
87
7
9
13
16
87
7
9
8
5
87
7
9
9
8
87
6
9
15
13
87
6
9
4
4
87
6
9
9
6
87
6
9
19
17
87
6
9
15
10
87
6
9
14
14
87
6
9
11
5
87
6
9
13
12
87
5
9
18
19
87
5
9
16
17
87
5
9
13
10
87
5
9
18
18
87
5
9
8
3
87
4
12
12
6
87
4
9
13
11
87
4
9
7
6
87
4
9
1
5
87
3
9
4
1
87
3
9
15
12
87
3
9
7
5
87
3
9
9
10
87
3
9
8
4
87
3
9
10
5
87
3
9
14
7
87
3
9
11
11
87
2
9
7
8
87
2
9
2
5
87
2
12
12
4
87
2
9
19
18
87
2
9
4
5
87
2
9
6
4
87
2
9
15
15
87
2
9
15
11
79
74
19
10
9
67
74
11
19
1
71
38
0
12
5
71
12
0
13
5
87
1
9
14
10
87
1
9
8
2
87
1
9
3
5
87
1
9
8
8
87
1
9
1
3
87
1
9
6
8
87
1
9
17
15
87
1
9
13
9
87
1
9
7
9
